Stats of the provinces. Edit at own risk.
-Province name (Not Important)
Name
Sprite x,y
Capital x,y
Port x,y
Neighbours
Seaneighbours
Distantneighbours
Owner
Resource
Provincial, Military and Naval development at gamestart (1-3)

---------------------------- Britannia
Britannia
217,99
345,160
378,125
4,
3,5,7,12,13,16,
2,4,6,14,23,30,
2
Stone
2,2,0

---------------------------- Hibernia
Hibernia
142,23
214,92
168,131

4,5,16,23,
1,3,7,12,13,30,
0
Gold
1,2,0

---------------------------- Caledonia
Caledonia
268,0
320,56
333,21
4,
1,12,13,16,
2,4,5,6,7,14,23,
0
Timber
1,1,0

---------------------------- Silures
Silures
239,69
295,130
234,137
3,1,
2,5,16,23,
1,3,7,12,13,30,
2
Metal
1,3,1

---------------------------- Lugudunensis
Lugudunensis
219,216
344,284
249,229
23,16,32,17,24,
1,2,4,12,16,23,30,
3,7,13,39,
3
Metal
2,1,0

---------------------------- Vandalia
Vandalia
572,118
626,154
669,123
13,7,19,14,18,
8,14,
1,3,7,12,13,16,
4
Metal
1,3,0

---------------------------- Scandia
Scandia
530,0
562,133
530,93
13,6,
1,12,13,16,
2,3,4,5,6,8,14,23,
0
Timber
1,1,0

---------------------------- Gepidae
Gepidae
748,0
920,66
764,73
14,10,15,
6,14,
7,13,
0
Metal
1,1,0

---------------------------- Sarmatia
Sarmatia
940,197
1050,275
0,0
21,27,10,15,


12
Horses
1,3,0

---------------------------- Hyberboria
Hyberboria
1032,0
1170,153
0,0
9,8,22,11,15,


12
Stone
1,1,0

---------------------------- Alanni
Alanni
1181,0
1405,162
0,0
10,22,


0
Textile
1,1,0

---------------------------- Agrippinensis
Agrippinensis
408,135
455,214
425,164
16,13,17,
1,3,5,7,13,16,
2,4,6,14,23,30,
0
Stone
1,1,0

---------------------------- Chattia
Chattia
474,130
540,185
514,127
12,18,6,7,17,
1,3,7,12,16,
2,4,5,6,8,14,23,30,
4
Grain
1,1,0

---------------------------- Gothi
Gothi
662,118
740,217
734,119
6,19,8,15,26,
6,8,
1,3,7,12,13,
0
Stone
1,2,0

---------------------------- Pripet
Pripet
794,87
930,170
0,0
14,8,10,9,21,26,


0
Grain
1,2,0

---------------------------- Belgica
Belgica
349,192
378,228
359,210
5,12,17,
1,2,3,4,5,7,12,13,
6,23,30,
3
Textile
1,2,0

---------------------------- Moguntiacum
Moguntiacum
404,249
452,307
0,0
16,12,13,5,18,24,


0
Horses
1,2,0

---------------------------- Alamannia
Alamannia
503,217
581,289
0,0
13,6,19,17,75,24,


4
Textile
2,2,0

---------------------------- Boihaemum
Boihaemum
608,214
700,308
0,0
6,18,14,25,75,26,


0
Horses
1,2,0

---------------------------- Dacia
Dacia
724,353
857,418
973,425
37,21,25,26,35,
21,27,28,37,52,54,56,
36,38,50,51,53,55,66,71,
6
Grain
2,3,0

---------------------------- Scythia
Scythia
829,253
883,310
982,384
20,9,15,26,
20,27,28,37,52,54,
36,38,50,51,53,55,56,71,
0
Timber
1,2,0

---------------------------- Atropatene
Atropatene
1162,258
1294,349
0,0
10,11,27,28,38,


0
Gold
1,1,0

---------------------------- Aquitania
Aquitania
238,293
303,340
259,351
5,32,31,40,
2,4,5,
1,3,7,12,13,16,30,39,
0
Timber
1,2,0

---------------------------- Ractia
Ractia
416,328
462,357
0,0
17,18,75,33,32,5,


0
Stone
1,1,0

---------------------------- Pannonia
Pannonia
627,339
700,405
0,0
20,19,34,75,26,35,


6
Metal
1,1,0

---------------------------- Lazyges
Lazyges
735,293
796,327
0,0
14,15,21,20,25,19,


6
Textile
1,2,0

---------------------------- Bosphorus
Bosphorus
1007,295
1157,310
1088,423
9,22,28,
20,21,28,37,38,52,54,56,
36,50,51,53,55,71,
12
Metal
2,2,0

---------------------------- Colchis
Colchis
1139,328
1208,428
1163,423
22,27,38,
20,21,27,37,38,52,54,56,
36,51,53,71,
0
Timber
1,2,0

---------------------------- Hispania
Hispania
137,487
202,524
243,544
40,39,42,
31,32,40,42,43,61,62,63,
33,39,41,44,45,47,49,
0
Grain
1,3,0

---------------------------- Gallacia
Gallacia
58,362
130,404
153,377
40,39,
5,
1,2,4,12,13,16,23,39,42,61,
5
Stone
1,1,0

---------------------------- Narbonensis
Narbonensis
289,403
362,425
370,443
32,23,40,
29,32,33,40,43,44,45,47,62,63,
39,41,42,48,49,61,
0
Horses
2,2,0

---------------------------- Alpes
Alpes
379,341
424,396
445,454
5,23,31,33,24,
29,31,33,40,43,44,45,47,49,62,63,
39,41,42,48,50,61,64,73,
3
Grain
1,3,0

---------------------------- Liguria
Liguria
449,370
498,405
485,435
32,47,34,75,24,
31,32,40,43,44,45,47,49,63,
29,41,42,48,50,61,62,64,73,
0
Metal
2,2,0

---------------------------- Venetia
Venetia
532,376
577,387
581,409
33,47,75,25,35,
35,46,
41,48,49,50,73,
0
Grain
1,3,0

---------------------------- Illyricum
Illyricum
620,407
710,461
662,482
34,25,20,37,36,
34,46,48,73,
36,41,44,45,47,49,50,51,53,55,64,66,71,
0
Wine
2,2,0

---------------------------- Macedonia
Macedonia
724,527
757,561
835,601
51,73,50,37,35,
37,50,51,52,53,55,71,
20,21,27,28,35,38,41,48,49,54,56,57,58,64,65,66,67,68,72,73,
9
Stone
3,3,0

---------------------------- Moesia
Moesia
755,428
790,485
940,490
36,20,51,35,
20,21,27,28,36,51,52,54,
38,50,53,55,56,57,65,66,71,72,73,
0
Horses
1,3,0

---------------------------- Armenia
Armenia
1230,437
1380,550
1249,491
59,60,22,28,
27,28,52,54,56,
20,21,36,37,51,53,
11
Horses
2,2,0

---------------------------- Lusitania
Lusitania
8,433
90,474
45,567
40,30,29,42,
42,61,
5,23,29,30,31,32,40,43,45,62,63,
5
Metal
2,2,0

---------------------------- Tarraconensis
Tarraconensis
157,408
256,467
296,499
23,31,29,30,39,
29,31,32,33,42,43,44,45,61,62,63,
39,41,47,49,
5
Wine
1,3,0

---------------------------- Africa
Africa
410,658
470,690
503,705
63,
44,45,47,49,63,
29,31,32,33,34,35,36,40,42,43,46,48,50,51,53,55,61,62,64,66,71,73,
7
Parchment
3,3,1

---------------------------- Baetica
Baetica
62,504
92,567
149,610
39,29,61,
29,39,40,43,61,62,63,
30,31,32,33,41,44,45,47,49,
0
Gold
2,3,0

---------------------------- Baleares
Baleares
275,539
314,546
296,566

29,31,32,33,40,42,44,45,61,62,63,
39,41,47,48,49,64,
0
Textile
1,2,0

---------------------------- Corsica
Corsica
465,482
474,498
500,517

31,32,33,40,41,43,45,47,49,62,63,
29,35,42,46,48,50,61,64,73,
0
Gold
1,1,0

---------------------------- Sardinia
Sardinia
449,546
485,571
476,613

31,32,33,40,41,43,44,47,49,62,63,
29,35,39,42,46,48,50,53,61,64,66,71,73,
0
Wine
1,1,0

---------------------------- Italia
Italia
550,501
580,530
616,510
47,48,
34,35,48,73,
41,44,45,47,49,50,53,55,64,66,71,
1
Parchment
3,2,0

---------------------------- Etruria
Etruria
517,428
539,468
532,503
33,46,34,
31,32,33,41,44,45,49,63,
29,35,40,42,43,46,48,50,61,62,64,71,73,
1
Textile
2,3,1

---------------------------- Bruttium
Bruttium
593,542
633,572
671,587
46,
35,46,49,50,73,
31,32,33,34,36,41,43,44,45,47,51,53,55,62,63,64,65,66,71,72,
1
Horses
2,1,0

---------------------------- Sicilia
Sicilia
550,639
610,684
583,640

32,33,41,44,45,47,48,50,63,73,
29,31,34,35,36,40,42,43,46,51,53,55,61,62,64,65,66,71,
0
Timber
1,1,0

---------------------------- Achaia
Achaia
754,630
822,656
794,708
36,73,
36,48,49,51,53,55,64,66,71,73,
20,21,27,32,33,34,35,37,41,44,45,46,47,52,54,57,58,63,65,67,68,72,
0
Parchment
3,3,0

---------------------------- Thracia
Thracia
801,501
931,550
891,580
52,36,37,
36,37,50,52,53,55,71,
20,21,27,28,35,38,41,48,49,54,56,57,58,64,65,66,67,68,72,73,
9
Gold
2,3,0

---------------------------- Pontus
Pontus
934,504
1020,555
1029,525
54,53,51,
20,21,27,28,36,37,38,51,54,56,
50,53,55,57,65,66,71,72,73,
10
Parchment
3,3,0

---------------------------- Asia
Asia
871,573
963,635
920,667
55,54,52,
36,50,51,55,57,65,66,71,72,
20,21,27,28,35,37,38,41,45,46,48,49,52,54,56,58,64,67,68,73,
10
Textile
2,3,0

---------------------------- Galatia
Galatia
1030,518
1085,577
1148,518
55,52,56,53,
20,21,27,28,37,38,52,56,
36,50,51,53,55,71,
10
Metal
2,1,0

---------------------------- Lycia
Lycia
978,610
1048,672
976,707
57,54,53,56,
36,50,51,53,57,58,65,66,67,68,71,72,
20,21,27,35,37,41,46,48,49,52,54,64,73,
0
Grain
2,1,0

---------------------------- Cappadocia
Cappadocia
1097,515
1180,557
1193,522
58,59,55,54,57,
20,27,28,38,52,54,
21,36,37,51,53,
0
Stone
1,3,0

---------------------------- Cilicia
Cilicia
1065,611
1125,663
1121,685
58,55,56,
53,55,58,65,67,68,71,72,
36,37,50,51,52,66,73,
0
Horses
2,3,0

---------------------------- Syria
Syria
1150,618
1191,660
1152,723
69,67,60,59,56,57,
55,57,65,67,68,71,72,
36,50,51,53,66,73,
0
Wine
2,2,0

---------------------------- Assyria
Assyria
1204,561
1267,627
0,0
58,38,56,60,


11
Metal
2,3,0

---------------------------- Media
Media
1225,606
1335,712
0,0
69,58,38,59,70,


11
Textile
2,1,0

---------------------------- Mauretania
Mauretania
3,614
70,652
130,645
62,42,
29,39,40,42,43,62,
30,31,32,33,41,44,45,47,49,63,
0
Timber
1,1,0

---------------------------- Massaesyli
Massaesyli
157,643
246,690
301,636
61,63,74,
29,31,32,40,42,43,44,45,61,63,
33,39,41,47,48,49,64,73,
7
Metal
1,2,0

---------------------------- Numidia
Numidia
335,651
381,717
368,652
62,41,74,64,
29,31,32,33,40,41,42,43,44,45,47,49,62,
39,48,50,61,64,73,
7
Wine
2,1,0

---------------------------- Tripolitanina
Tripolitanina
502,806
616,888
630,859
63,66,
50,
32,33,35,36,41,43,44,45,46,47,48,49,51,53,55,62,63,65,66,68,71,72,73,
0
Textile
1,1,0

---------------------------- Aegyptus
Aegyptus
949,852
1041,869
997,869
66,68,
53,55,57,58,66,67,68,71,72,
36,37,48,49,50,51,52,64,73,
8
Grain
3,3,1

---------------------------- Cyrenaica
Cyrenaica
697,821
900,927
884,853
64,65,
50,53,55,65,68,71,72,
20,35,36,37,41,45,46,48,49,51,52,57,58,64,67,73,
0
Stone
2,2,0

---------------------------- Palestina
Palestina
1132,759
1180,800
1138,810
68,58,69,
55,57,58,65,68,71,72,
36,50,51,53,66,73,
8
Parchment
2,3,0

---------------------------- Sinai
Sinai
1089,828
1150,894
1118,852
65,67,69,
55,57,58,65,66,67,71,72,
36,50,51,53,64,73,
8
Metal
2,1,0

---------------------------- Nabataia
Nabataia
1175,724
1242,831
0,0
68,70,60,58,67,


0
Horses
1,1,0

---------------------------- Arabia
Arabia
1206,741
1417,903
0,0
69,60,


0
Stone
1,1,0

---------------------------- Creta
Creta
834,707
868,744
916,751

36,50,51,53,55,57,58,65,66,67,68,72,
20,21,27,28,35,37,41,45,46,47,48,49,52,54,64,73,
0
Wine
2,3,0

---------------------------- Cyprus
Cyprus
1069,715
1099,733
1073,754

53,55,57,58,65,66,67,68,71,
36,37,48,50,51,52,64,73,
0
Timber
2,2,0

---------------------------- Epirus
Epirus
730,583
757,606
748,620
36,50,
35,46,48,49,50,
32,33,34,36,37,41,44,45,47,51,52,53,55,57,58,62,63,64,65,66,67,68,71,72,
9
Metal
2,1,0

---------------------------- Gaetulia
Gaetulia
168,723
300,779
0,0
62,63,


0
Stone
1,1,0

---------------------------- Noricum
Noricum
526,323
591,352
0,0
18,34,19,25,33,24,


0
Timber
1,1,0

