Stats of the provinces. Edit at own risk.
-Province name (Not Important)
Name
Sprite x,y
Capital x,y
Port x,y
Neighbours
Seaneighbours
Distantneighbours
Owner
Resource
Provincial, Military and Naval development at gamestart (1-3)

---------------------------- Hadrumetum
Hadrumetum
1,818
126,854
160,859
2,3,
2,4,6,
7,8,9,10,11,19,20,
2
Stone
2,1,0

---------------------------- Carthage
Carthage
93,733
152,770
183,739
3,1,
1,4,6,10,
3,5,7,8,11,12,14,19,20,24,25,30,31,
2
Parchment
3,3,1

---------------------------- Utica
Utica
1,672
77,723
123,704
2,1,
10,
2,4,5,11,12,19,25,30,31,
2
Timber
2,1,0

---------------------------- Lilybaeum
Lilybaeum
321,719
351,779
326,768
5,6,
1,2,6,7,
3,8,9,10,11,14,19,20,24,25,30,61,
0
Gold
2,2,0

---------------------------- Panormus
Panormus
386,756
435,797
440,781
9,4,6,7,8,
19,
2,3,9,10,11,14,20,24,25,30,31,
0
Textile
2,2,0

---------------------------- Agrigentum
Agrigentum
358,791
394,830
374,836
5,7,4,
1,2,4,7,8,
9,10,11,14,19,20,61,
0
Grain
2,2,0

---------------------------- Gelia
Gelia
405,831
424,874
411,885
5,8,6,
4,6,8,
1,2,9,10,13,14,17,19,61,
0
Metal
2,2,0

---------------------------- Syracuse
Syracuse
433,842
487,900
492,933
9,5,7,
6,7,9,61,
1,2,4,13,14,15,17,19,20,24,25,57,58,60,
9
Parchment
3,2,1

---------------------------- Messana
Messana
475,806
542,824
535,856
5,8,
8,14,19,61,
1,4,5,6,7,13,15,16,17,20,24,25,30,56,57,58,60,
9
Wine
2,1,0

---------------------------- Carales
Carales
138,445
195,522
168,561
11,
2,3,11,
1,4,5,6,7,12,14,19,20,24,25,30,31,35,38,40,
0
Textile
1,1,0

---------------------------- Oblia
Oblia
180,364
271,404
295,434
10,
10,30,
1,2,3,4,5,6,12,14,19,20,24,25,31,35,38,40,43,
0
Stone
1,1,0

---------------------------- Aleria
Aleria
267,230
329,294
344,309

30,35,38,43,
2,3,10,11,14,19,20,24,25,31,40,
0
Gold
1,1,0

---------------------------- Crotor
Crotor
634,733
676,779
708,775
14,61,
15,17,57,58,61,
7,8,9,14,16,18,21,54,55,56,60,
0
Stone
2,2,0

---------------------------- Thurii
Thurii
630,657
666,706
631,709
19,15,13,
9,19,20,24,25,
2,4,5,6,7,8,10,11,12,13,15,17,30,31,61,
10
Wine
2,1,0

---------------------------- Metapontum
Metapontum
669,620
714,674
726,689
18,19,14,16,
13,17,58,61,
8,9,14,16,18,21,54,55,56,57,60,
10
Textile
2,2,0

---------------------------- Tarentum
Tarentum
734,608
754,659
787,636
18,15,17,
17,18,21,54,55,56,57,58,
9,13,15,23,26,27,33,37,49,52,60,61,
0
Horses
1,1,0

---------------------------- Brunsisium
Brunsisium
775,650
801,680
814,758
16,
13,15,16,18,55,56,57,58,61,
7,8,9,14,21,23,26,27,52,54,60,
0
Grain
3,3,0

---------------------------- Venusia
Venusia
661,564
682,601
740,583
22,21,19,16,15,
16,17,21,23,26,54,55,57,
13,15,27,33,37,46,47,49,52,56,58,61,
10
Grain
1,1,0

---------------------------- Paestum
Paestum
598,590
647,624
601,642
22,18,20,15,14,
5,9,14,20,24,25,
1,2,3,4,6,7,8,10,11,12,30,31,61,
10
Metal
1,2,0

---------------------------- Salernum
Salernum
576,530
597,567
573,589
24,22,19,
14,19,24,25,30,
1,2,4,5,6,8,9,10,11,12,31,35,38,61,
0
Timber
1,1,0

---------------------------- Arpi
Arpi
658,486
692,525
730,509
23,22,18,
16,18,23,26,52,54,55,56,
13,15,17,27,33,37,46,47,49,57,58,61,
0
Wine
1,1,0

---------------------------- Beneventum
Beneventum
611,510
637,539
0,0
23,24,21,18,19,20,


3
Horses
1,2,0

---------------------------- Aesernia
Aesernia
580,446
645,483
663,463
26,25,24,22,21,
18,21,54,55,
16,17,26,27,33,37,46,47,49,52,56,57,58,
3
Textile
2,1,0

---------------------------- Capua
Capua
538,494
592,515
559,546
23,25,22,20,
14,19,20,25,30,31,
2,4,5,8,9,10,11,12,35,38,43,61,
0
Stone
2,2,0

---------------------------- Terracina
Terracina
518,435
550,454
531,492
29,26,23,24,30,
14,19,20,24,30,31,
2,3,4,5,8,9,10,11,12,35,38,43,61,
1
Gold
2,2,0

---------------------------- Sulmo
Sulmo
571,380
621,426
645,413
29,25,23,27,28,
18,21,33,
16,17,23,27,37,46,47,49,52,54,55,56,57,58,
3
Grain
1,2,0

---------------------------- Firmum
Firmum
590,300
623,337
644,341
33,26,28,
33,37,46,47,49,52,
16,17,18,21,23,26,54,55,56,57,
0
Timber
1,1,0

---------------------------- Amiternum
Amiternum
537,326
584,370
0,0
31,33,29,32,26,27,


0
Metal
1,1,0

---------------------------- Roma
Roma
505,366
525,405
0,0
31,28,25,26,30,


1
Parchment
3,3,0

---------------------------- Ostia
Ostia
475,389
491,409
482,423
25,29,31,
11,12,20,24,25,31,
2,3,4,5,9,10,14,19,35,38,40,43,
1
Wine
2,1,1

---------------------------- Tarquinii
Tarquinii
439,325
495,347
463,364
35,32,28,29,30,
24,25,30,
2,3,5,10,11,12,14,19,20,35,38,40,43,
0
Grain
2,2,0

---------------------------- Perusia
Perusia
484,277
551,320
0,0
35,31,33,34,28,


5
Textile
2,2,0

---------------------------- Ancona
Ancona
566,243
589,280
619,269
37,34,32,28,27,
26,27,37,46,47,49,52,
16,18,21,23,54,55,56,57,
0
Stone
1,1,0

---------------------------- Arretium
Arretium
486,222
523,266
0,0
37,36,38,35,33,32,


5
Metal
1,2,0

---------------------------- Vetulonia
Vetulonia
423,235
451,263
438,299
38,34,32,31,
12,38,43,
10,11,20,24,25,30,31,39,40,
5
Wine
2,1,0

---------------------------- Bononia
Bononia
500,151
543,219
0,0
37,44,34,38,


0
Grain
1,1,0

---------------------------- Ariminium
Ariminium
558,127
585,215
604,207
46,44,36,34,33,
27,33,46,47,49,52,
16,18,21,23,26,54,55,
0
Textile
1,1,0

---------------------------- Pisa
Pisa
440,159
470,194
433,210
44,36,34,35,43,
12,35,43,
10,11,20,24,25,30,31,40,
0
Horses
1,1,0

---------------------------- Eburodunum
Eburodunum
58,1
249,17
129,84
41,40,

35,40,
7
Stone
1,1,0

---------------------------- Monoecus
Monoecus
153,36
282,75
207,131
39,41,43,

10,11,12,30,31,35,38,39,43,
7
Grain
1,1,0

---------------------------- Hasta
Hasta
312,1
390,29
0,0
42,39,40,


7
Metal
1,2,0

---------------------------- Placentia
Placentia
406,1
498,30
0,0
45,44,43,41,


0
Horses
1,1,0

---------------------------- Genoa
Genoa
317,44
427,82
412,129
42,44,40,38,
12,35,38,
11,24,25,30,31,40,
7
Textile
1,3,0

---------------------------- Parma
Parma
452,67
525,112
0,0
42,37,46,45,43,38,36,


0
Stone
1,1,0

---------------------------- Verona
Verona
511,1
608,50
0,0
42,44,47,


6
Grain
1,2,0

---------------------------- Patavium
Patavium
566,63
632,93
662,130
47,37,44,
27,33,37,49,52,
18,21,23,26,47,54,
6
Metal
2,2,0

---------------------------- Aquilea
Aquilea
664,1
716,104
704,124
50,49,48,46,45,
27,33,37,49,52,
18,21,23,26,46,54,
6
Textile
1,2,0

---------------------------- Noreia
Noreia
818,1
883,82
0,0
51,50,47,


0
Stone
1,1,0

---------------------------- Pola
Pola
706,127
761,175
755,191
52,50,47,
27,33,37,46,47,52,
16,18,21,23,26,54,55,
0
Wine
1,1,0

---------------------------- Celeia
Celeia
794,77
887,167
0,0
52,48,47,49,51,


0
Grain
1,1,0

---------------------------- Siscia
Siscia
852,123
935,255
0,0
53,48,52,50,


8
Metal
1,2,0

---------------------------- Aenona
Aenona
754,222
813,338
770,340
54,53,50,49,51,
21,27,33,37,46,47,49,
16,17,18,23,26,54,55,56,57,58,
0
Timber
1,1,0

---------------------------- Delmunium
Delmunium
855,300
974,401
0,0
55,54,52,51,


8
Horses
1,1,0

---------------------------- Narona
Narona
808,395
880,470
870,494
55,53,52,
16,18,21,23,55,57,
13,15,17,26,27,33,37,46,47,49,52,56,58,61,
8
Textile
1,2,0

---------------------------- Rhizon
Rhizon
888,453
950,521
891,537
56,53,54,
16,17,18,21,23,54,57,
13,15,26,27,33,37,49,52,56,58,61,
8
Metal
1,2,0

---------------------------- Epidamnus
Epidamnus
917,537
974,600
925,622
57,55,59,
16,17,21,57,58,
9,13,15,18,23,26,27,33,52,54,55,60,61,
0
Stone
1,1,0

---------------------------- Appolonia
Appolonia
886,648
916,688
894,678
59,58,56,
13,16,17,18,54,55,56,58,
8,9,15,21,23,26,27,33,52,60,61,
0
Wine
1,1,0

---------------------------- Phoenice
Phoenice
870,728
910,783
889,782
60,59,57,
13,15,16,17,56,57,
8,9,18,21,23,26,52,54,55,60,61,
4
Grain
2,2,0

---------------------------- Gitanae
Gitanae
951,711
998,765
0,0
60,58,57,56,


4
Textile
2,1,0

---------------------------- Ambracia
Ambracia
881,823
980,909
927,898
59,58,

8,9,13,15,16,17,56,57,58,61,
4
Parchment
3,3,1

---------------------------- Regium
Regium
568,776
601,830
643,834
13,
8,9,13,15,17,
4,6,7,14,16,18,19,20,21,24,25,54,55,56,57,58,60,
0
Horses
2,2,0

